[gd_scene load_steps=2 format=2]

[ext_resource path="res://3D/characters/Alien_turquoise.fbx" type="PackedScene" id=1]

[node name="Alien_turquoise" instance=ExtResource( 1 )]

[node name="Basic_armature001" parent="." index="0"]
transform = Transform( 49.9862, 0, 0, 0, -2.18497e-06, 49.9862, 0, -49.9862, -2.18497e-06, 0, 0, 0 )

[node name="body" parent="Basic_armature001" index="0"]
transform = Transform( 1, 5.68434e-14, 2.38419e-07, 2.38419e-07, -1.19209e-07, -1, -2.84217e-14, 1, -1.19209e-07, 0, 0, 0 )

[node name="claviculeL" parent="Basic_armature001/body" index="0"]
transform = Transform( 0.172169, 0.98182, -0.0799241, -0.98182, 0.164453, -0.0947912, -0.0799241, 0.0947912, 0.992284, 0, 0.0231647, 0 )

[node name="armL" parent="Basic_armature001/body/claviculeL" index="0"]
transform = Transform( 0.0580221, 0.987508, -0.146498, -0.998113, 0.0603346, 0.0113874, 0.0200841, 0.145561, 0.989145, -4.09782e-10, 0.0103684, -1.49012e-10 )

[node name="claviculeR" parent="Basic_armature001/body" index="1"]
transform = Transform( 0.172169, -0.98182, 0.0799236, 0.98182, 0.164453, -0.0947912, 0.0799242, 0.0947907, 0.992284, 0, 0.0231647, 0 )

[node name="armR" parent="Basic_armature001/body/claviculeR" index="0"]
transform = Transform( 0.0580216, -0.987508, 0.146499, 0.998113, 0.0603341, 0.0113875, -0.0200841, 0.145561, 0.989145, -1.85333e-09, 0.0103684, -7.45058e-11 )
