[gd_scene load_steps=2 format=2]

[ext_resource path="res://3D/characters/Alien_turquoise.fbx" type="PackedScene" id=1]

[node name="Alien_turquoise" instance=ExtResource( 1 )]

[node name="Basic_armature001" parent="." index="0"]
transform = Transform( 49.9862, 0, 0, 0, -5.95882e-06, 49.9862, 0, -49.9862, -5.95882e-06, 0, 0, 0 )

[node name="body" parent="Basic_armature001" index="0"]
transform = Transform( 1, 5.68434e-14, 2.38419e-07, 2.38419e-07, -1.19209e-07, -1, -2.84217e-14, 1, -1.19209e-07, -0.00337933, 0, 0 )

[node name="claviculeL" parent="Basic_armature001/body" index="0"]
transform = Transform( 0.172169, 0.98182, -0.0799241, -0.98182, 0.164453, -0.0947912, -0.0799241, 0.0947912, 0.992284, 0, 0.0231647, 0 )

[node name="armL" parent="Basic_armature001/body/claviculeL" index="0"]
transform = Transform( 0.14187, 0.981822, -0.126091, -0.989837, 0.141971, -0.00823054, 0.00982044, 0.125977, 0.991985, -4.09782e-10, 0.0103684, -1.49012e-10 )

[node name="claviculeR" parent="Basic_armature001/body" index="1"]
transform = Transform( 0.172169, -0.98182, 0.0799236, 0.98182, 0.164453, -0.0947912, 0.0799242, 0.0947907, 0.992284, 0, 0.0231647, 0 )

[node name="armR" parent="Basic_armature001/body/claviculeR" index="0"]
transform = Transform( 0.326735, -0.939569, 0.102242, 0.944924, 0.32693, -0.0153172, -0.0190345, 0.101616, 0.994642, -1.85333e-09, 0.0103684, -7.45058e-11 )

[node name="head" parent="Basic_armature001/body" index="2"]
transform = Transform( 0.984148, 0.177351, 0, -0.177351, 0.984148, 0, 0, 0, 1, 0, 0.0231647, 0 )
