[gd_scene load_steps=6 format=2]

[ext_resource path="res://anims/conveyor_tesat.fbx" type="PackedScene" id=1]
[ext_resource path="res://materials/sapin.tres" type="Material" id=2]
[ext_resource path="res://materials/gravel.material" type="Material" id=3]
[ext_resource path="res://Scripts/Conveyor.gd" type="Script" id=4]

[sub_resource type="BoxShape" id=1]
extents = Vector3( 0.01, 0.01, 0.01 )

[node name="conveyor_tesat" instance=ExtResource( 1 )]
script = ExtResource( 4 )

[node name="Mesh_Conveyor2" parent="." index="0"]
material/0 = ExtResource( 2 )

[node name="Cube018" parent="Mesh_Conveyor2" index="0"]
transform = Transform( 1, 7.67558e-08, 1.71388e-08, 9.4197e-09, 0.0994604, -0.995041, -7.80799e-08, 0.995041, 0.0994604, 2.38419e-09, -0.0400343, -0.00994185 )
material/0 = ExtResource( 3 )

[node name="KinematicBody" type="KinematicBody" parent="Mesh_Conveyor2/Cube018" index="0"]

[node name="CollisionShape" type="CollisionShape" parent="Mesh_Conveyor2/Cube018/KinematicBody" index="0"]
transform = Transform( 1, 5.42395e-08, -9.61792e-08, 6.3395e-08, 0.429375, 0.0191851, -1.87774e-07, 0.019185, 0.239358, 0, 0.0040482, 0.000404645 )
shape = SubResource( 1 )

[node name="Cube010" parent="Mesh_Conveyor2" index="1"]
transform = Transform( 1, 6.3194e-08, 3.39376e-08, 2.19854e-08, 0.180331, -0.983606, -6.8278e-08, 0.983606, 0.180331, 2.38419e-09, -0.0400343, -0.00981297 )
material/0 = ExtResource( 3 )

[node name="Cube013" parent="Mesh_Conveyor2" index="2"]
transform = Transform( 1, 2.02685e-08, 2.6947e-08, 6.47652e-09, 0.668832, -0.743414, -3.30909e-08, 0.743414, 0.668832, 2.38419e-09, -0.0389512, -0.00885086 )
material/0 = ExtResource( 3 )

[node name="Cube019" parent="Mesh_Conveyor2" index="3"]
transform = Transform( 1, -1.27666e-07, -1.75543e-08, 1.2772e-07, 0.999995, 0.00311297, 1.71568e-08, -0.00311297, 0.999995, 2.38419e-09, -0.0352593, -0.00710274 )
material/0 = ExtResource( 3 )

[node name="Cube020" parent="Mesh_Conveyor2" index="4"]
transform = Transform( 1, -5.91319e-08, -1.2795e-07, 1.35609e-07, 0.651202, 0.758904, 3.8446e-08, -0.758904, 0.651202, 0, -0.027213, -0.00475241 )
material/0 = ExtResource( 3 )

[node name="Cube021" parent="Mesh_Conveyor2" index="5"]
transform = Transform( 1, 2.60504e-08, -1.56285e-07, 1.52646e-07, 0.105926, 0.994374, 4.24586e-08, -0.994374, 0.105926, -2.38419e-09, -0.0131165, -0.00198362 )
material/0 = ExtResource( 3 )

[node name="Cube022" parent="Mesh_Conveyor2" index="6"]
transform = Transform( 1, -1.35398e-07, -5.64159e-08, 1.35398e-07, 1, -7.63863e-15, 5.64159e-08, -4.23516e-22, 1, -2.38419e-09, -3.4275e-05, 0 )
material/0 = ExtResource( 3 )

[node name="Cube023" parent="Mesh_Conveyor2" index="7"]
transform = Transform( 1, 0, -3.224e-08, 0, 1, 0, 3.224e-08, 0, 1, -2.38419e-09, -0.0102907, 0 )
material/0 = ExtResource( 3 )

[node name="Cube024" parent="Mesh_Conveyor2" index="8"]
transform = Transform( 1, -1.2814e-07, 1.58795e-08, 1.2814e-07, 1, 2.03479e-15, -1.58795e-08, 0, 1, -2.38419e-09, -0.0205471, 0 )
material/0 = ExtResource( 3 )

[node name="Cube025" parent="Mesh_Conveyor2" index="9"]
transform = Transform( 1, 0, 5.82867e-08, 0, 1, 0, -5.82867e-08, 0, 1, 0, -0.0308035, 0 )
material/0 = ExtResource( 3 )
